15.0448    6.8969
   15.9174    7.0517
   17.0702    7.0648
   18.0268    6.9611
   18.9260    6.9527
   19.9986    7.0289
   21.0728    7.0362
   21.9804    6.9839
   22.9255    6.9737
   24.0532    6.9885
   25.0878    7.0083
   25.7742    7.1791
   26.2752    7.6296
   26.7754    8.2759
   27.0910    9.0084
   27.0537    9.8909
   26.9158   10.9707
   26.9749   12.0818
   27.1034   13.0554
   27.0214   13.9374
   26.7367   14.7827
   26.3602   15.4311
   25.7902   15.7445
   24.9713   15.9090
   24.1911   16.2373
   23.7133   16.7692
   23.3429   17.2959
   22.7440   17.6930
   21.9725   18.0207
   21.3006   18.3475
   20.7133   18.6636
   20.0079   18.9642
   19.2476   19.2992
   18.6836   19.7244
   18.2898   20.2360
   17.7720   20.7337
   17.0301   21.0868
   16.2709   21.3070
   15.6412   21.5809
   15.0428   22.0085
   14.3597   22.4249
   13.6366   22.6696
   12.9655   22.8933
   12.3514   23.3190
   11.7282   23.8117
   11.0038   24.0373
   10.0942   23.9898
    9.0130   23.9734
    7.9143   24.0719
    6.9718   24.0384
    6.2361   23.7439
    5.6626   23.3250
    5.2316   22.8142
    4.9777   22.0398
    4.9220   21.0049
    5.0024   19.9718
    5.0710   19.0413
    5.0109   18.0308
    4.8995   16.9083
    4.9640   15.9502
    5.2913   15.2936
    5.6965   14.7055
    5.9988   13.9895
    6.2810   13.2766
    6.7039   12.7178
    7.2248   12.2242
    7.7286   11.7114
    8.2786   11.2849
    8.9719   10.9915
    9.6989   10.6853
   10.3304   10.3097
   10.9738    9.9974
   11.7209    9.7413
   12.3563    9.3178
   12.7244    8.7078
   13.1551    8.2203
   13.9918    7.9916
   14.8747    7.7452
   15.1480    7.2976
   14.9237    6.9207
   15.0448    6.8969
