 39.3934   10.9316
   40.0347   10.8334
   40.8481   10.9206
   41.6702   11.2508
   42.3467   11.7713
   42.8154   12.3618
   43.1187   12.9404
   43.3494   13.5327
   43.5794   14.2359
   43.8253   15.1072
   44.0614   16.0809
   44.2573   16.9952
   44.4013   17.7142
   44.4935   18.2400
   44.5244   18.7143
   44.4658   19.3043
   44.2866   20.0686
   43.9821   20.9158
   43.5883   21.6894
   43.1665   22.3018
   42.7671   22.8009
   42.4013   23.3168
   42.0427   23.9401
   41.6554   24.6425
   41.2237   25.3077
   40.7579   25.8419
   40.2751   26.2629
   39.7791   26.6845
   39.2638   27.2089
   38.7397   27.8146
   38.2543   28.3367
   37.8736   28.5593
   37.6255   28.3548
   37.4472   27.7697
   37.1903   27.0035
   36.7000   26.3051
   35.9222   25.8623
   34.9597   25.7502
   34.0279   25.9499
   33.3314   26.4008
   32.9454   27.0388
   32.7847   27.8026
   32.6753   28.6223
   32.4697   29.4187
   32.1217   30.1254
   31.6758   30.7186
   31.2011   31.2279
   30.7325   31.7142
   30.2635   32.2272
   29.7778   32.7719
   29.2756   33.3105
   28.7671   33.7986
   28.2466   34.2247
   27.6839   34.6204
   27.0502   35.0263
   26.3535   35.4384
   25.6421   35.7799
   24.9683   35.9301
   24.3447   35.7973
   23.7442   35.3857
   23.1523   34.8031
   22.6248   34.1985
   22.2892   33.6735
   22.2701   33.2310
   22.5941   32.7997
   23.1550   32.3094
   23.7765   31.7546
   24.3264   31.1945
   24.7875   30.6939
   25.2312   30.2592
   25.7223   29.8271
   26.2453   29.3149
   26.7190   28.6887
   27.0796   27.9887
   27.3493   27.2934
   27.6199   26.6524
   27.9656   26.0479
   28.3674   25.4130
   28.7244   24.6890
   28.9460   23.8702
   29.0390   23.0030
   29.1089   22.1481
   29.2707   21.3400
   29.5530   20.5771
   29.8836   19.8393
   30.1709   19.1124
   30.4027   18.3989
   30.6673   17.7168
   31.0758   17.0996
   31.6555   16.6028
   32.3146   16.3030
   32.9098   16.2782
   33.3531   16.5716
   33.6586   17.1662
   33.8895   17.9914
   34.0672   18.9584
   34.1418   19.9955
   34.0649   21.0528
   33.9000   22.0776
   33.8528   22.9920
   34.1651   23.6997
   34.9372   24.1234
   36.0222   24.2376
   37.0887   24.0658
   37.8190   23.6455
   38.0989   22.9982
   38.0582   22.1370
   37.9426   21.1032
   37.9268   19.9891
   38.0148   18.9082
   38.0915   17.9266
   38.0607   17.0165
   37.9444   16.0826
   37.8628   15.0526
   37.9256   13.9586
   38.1378   12.9372
   38.4039   12.1389
   38.6223   11.6216
   38.7853   11.3185
   38.9967   11.1093
