 3.5940  115.3871
 3.5293  114.3451
 3.6097  113.3097
    4.1922  112.4250
    4.9489  111.6573
    5.8646  111.0629
    6.8420  110.5688
    7.8686  110.2561
    8.8654  110.0733
    9.7972  109.9830
   10.6508  109.8417
   11.4327  109.5935
   12.1130  109.1824
   12.6544  108.6210
   13.2024  108.0267
   13.8390  107.4358
   14.5966  106.8578
   15.4947  106.3198
   16.4828  105.7846
   17.5847  105.3232
   18.7811  104.9410
   20.0425  104.6896
   21.2998  104.5306
   22.5118  104.4479
   23.6386  104.5362
   24.6422  104.7745
   25.4962  105.2317
   26.3098  105.7755
   26.9711  106.5694
   27.6806  107.3823
   28.4020  108.1991
   28.6718  109.2379
   28.6175  110.3215
   28.2276  111.3768
   27.3921  112.1842
   26.3836  112.7413
   25.3518  113.0683
   24.3955  113.2934
   23.5412  113.5508
   22.7861  113.8912
   22.2127  114.4213
   21.6801  114.9820
   21.0686  115.5188
   20.3494  116.0231
   19.5542  116.5507
   18.6567  117.0913
   17.6093  117.5237
   16.4856  117.9565
   15.2733  118.2967
   14.0322  118.5840
   12.7946  118.8289
   11.5821  118.9726
   10.4321  119.0368
    9.3571  118.9955
    8.3525  118.8371
    7.3904  118.5691
    6.4399  118.2338
    5.5370  117.7455
    4.6592  117.1742
    3.9277  116.3962
