  34.1880    3.1843
   33.3853    3.7863
   32.5820    4.3871
   31.7773    4.9853
   30.9706    5.5796
   30.1611    6.1687
   29.3482    6.7514
   28.5312    7.3262
   27.7094    7.8921
   26.8821    8.4475
   26.0487    8.9914
   25.2085    9.5222
   24.3607   10.0389
   23.5048   10.5400
   22.6399   11.0243
   21.7656   11.4906
   20.8820   11.9394
   19.9910   12.3739
   19.0958   12.8003
   18.2007   13.2262
   17.3103   13.6598
   16.4289   14.1081
   15.5599   14.5758
   14.7063   15.0663
   13.8705   15.5818
   13.0551   16.1248
   12.2624   16.6972
   11.4934   17.2997
   10.7473   17.9309
   10.0209   18.5869
    9.3101   19.2630
    8.6117   19.9557
    7.9241   20.6631
    7.2467   21.3842
    6.5787   22.1180
    5.9192   22.8633
    5.2675   23.6192
    4.6229   24.3845
    3.9844   25.1583
    3.3514   25.9394
    2.7230   26.7268
    2.0986   27.5195
    1.4772   28.3164
    0.8581   29.1163
    0.2406   29.9184
